=== LSTM Optuna (finetune) ===
trials: 30
best val finger_accuracy: 0.8120
best params:
  dropout: 0.45
  lr: 0.0004048292801624781
  batch_size: 128
  weight_decay: 4.40160541310955e-05
  patience: 25
  freeze_backbone_epochs: 10
  backbone_lr: 6.588049264190534e-05
  head_lr: 0.000296510147451887
  finger0_pos_weight_boost: 1.1