=== LSTM Optuna (pretrain) ===
trials: 30
best val finger_accuracy: 0.8363
best params:
  hidden1: 128
  hidden2: 256
  fc_hidden: 64
  dropout: 0.5
  lr: 0.00011597192109985082
  batch_size: 64
  weight_decay: 1.7889107850235746e-06
  patience: 30