=== CNN Optuna (pretrain) ===
trials: 30
best val finger_accuracy: 0.8550
best params:
  cnn_variant: large
  dropout: 0.1
  lr: 0.00024972318836863155
  batch_size: 32
  weight_decay: 0.0004192324803088369
  patience: 35
  finger0_pos_weight_boost: 1.7000000000000002