=== CNN Optuna (finetune) ===
trials: 30
best val finger_accuracy: 0.8333
best params:
  dropout: 0.5
  lr: 0.00013589328909885292
  batch_size: 64
  weight_decay: 5.602106202215709e-05
  patience: 30
  finger0_pos_weight_boost: 1.7000000000000002